0000000000000000000000000000
0000000000000000000000000000
0000000000000111100000000000
0000000000000111100000000000
0000000000001111111110000000
0000000000001101101111110000
0000000000001110100001110000
0000000000011110100001100000
0000000000011000000000000000
0000000000011000000000000000
0000000000011000000000000000
0000000000011000000000000000
0000000000011000000000000000
0000000000011000000000000000
0000000000111000000000000000
0000000000111111110000000000
0000000000110000111000000000
0000000000110000001100000000
0000000000110000000100000000
0000000000000000000100000000
0000000000000000001100000000
0000000000000000001100000000
0000000000000000001000000000
0000000000000000011000000000
0000011110000001110000000000
0000011111111111100000000000
0000000000000000000000000000
0000000000000000000000000000
