0000000000000000000000000000
0000000000000000000000000000
0000000000000000000000000000
0000000000000000000000000000
0000000000000000000000000000
0000001111110000000000000000
0000011100011000000000000000
0001110000011100000000000000
0001100000001100000000000000
0011100000000100000000000000
0011000000000100000000000000
0010000000000100000000000000
0000000000000110000000000000
0000000000000110000000000000
0000000000001100000000000000
0001000000001100000000000000
0000100000001000000000000000
0000000000011000000000000000
0000000000110000000000000000
0000000011100000000000000000
0000001111111111111100000000
0000111111100000011111111100
0000110000000000000000001100
0000000000000000000000000000
0000000000000000000000000000
0000000000000000000000000000
0000000000000000000000000000
0000000000000000000000000000
