0000000000000000000000000000
0000000000000000000000000000
0000000000000000100000000000
0000000000001111100000000000
0000000000011111100000000000
0000000000011111100000000000
0000000000110000100000000000
0000000000110000100000000000
0000000001100000110000000000
0000000001100000110000000000
0000000011000000110000000000
0000000011000001110000000000
0000000010000001110000000000
0000000011000011110000000000
0000000011111110110000000000
0000000001111100011000000000
0000000000000000011000000000
0000000000000000001000000000
0000000000000000001000000000
0000000000000000001100000000
0000000000000000001100000000
0000000000000000001000000000
0000000011111000001000000000
0000000011111111111000000000
0000000011000011110000000000
0000000001100000000000000000
0000000000000000000000000000
0000000000000000000000000000
