0000000000000000000000000000
0000000000000000000000000000
0000000000000010001100000000
0000000000000111111100000000
0000000000000111111100000000
0000000000000111111100000000
0000000000000100010100000000
0000000000001100110100000000
0000000000011100111000000000
0000000000111000111000000000
0000000001100000111000000000
0000000001100000010000000000
0000000011000000110000000000
0000000010000000110000000000
0000000010000001111000000000
0000000010000011011000000000
0000000011001110011000000000
0000000001111100001000000000
0000000000000000001000000000
0000000000000000001000000000
0000000000000000001000000000
0000000000000000001100000000
0000000000000000001100000000
0000000000000000001100000000
0000000011110000001100000000
0000000010111111111000000000
0000000000000000000000000000
0000000000000000000000000000
