0000000000000000000000000000
0000000000000000000000000000
0000000000000011110000000000
0000000000001110011000000000
0000000000001110001100000000
0000000000001100000110000000
0000000000111000000010000000
0000000000111000000011000000
0000000001100000000011000000
0000000011000000000001000000
0000000110000000000001000000
0000000110000000000001000000
0000001100000000000001000000
0000001100000000000001000000
0000011000000000000001000000
0000010000000000000001000000
0000010000000000000011000000
0000010000000000000011000000
0000010000000000000111000000
0000010000000000000111000000
0000011000000000001101100000
0000011000000000011001100000
0000001100000000110000000000
0000001100000011100000000000
0000000111001111000000000000
0000000011111100000000000000
0000000000000000000000000000
0000000000000000000000000000
