0000000000000000000000000000
0000000000000000000000000000
0001111111111111111111111100
0001011110000000000000111000
0000000000000000000000110000
0000000000000000000000100000
0000000000000000000001100000
0000000000000000000001100000
0000000000000000000011000000
0000000000000000000011000000
0000000000000001111111000000
0000000100001111111111111000
0000000000001100001100011000
0000000000000100001100000000
0000000000000100011000000000
0000000000000100011000000000
0000000000000110110000000000
0000000000000110110000000000
0000000000000011100000000000
0000000000000011000000000000
0000000000000110000000000000
0000000000000110000000000000
0000000000001100000000000000
0000000000011000000000000000
0000000000110000000000000000
0000000000110000000000000000
0000000000000000000000000000
0000000000000000000000000000
