0000000000000000000000000000
0000000000000000000000000000
0000000001111111000000000000
0000000011110011000000000000
0000001110000001100000000000
0000011100000001100000000000
0000110000000000110000000000
0000100000000000110000000000
0001100000000000010000000000
0001000000000000010000000000
0001000000000000010000000000
0000000000000000010000000000
0000000000000000110000000000
0000000000000000110000000000
0000000000000000110000000000
0000000000000001100000000000
0000000000000001100000000000
0000000000000001000000000000
0000000000000011000000000000
0000000000000110000000000000
0000000000011100000000000000
0000000000111000000000000000
0000001111111111110000000000
0001111111000001111111100000
0011111000000000000011111100
0000000000000000000000001100
0000000000000000000000000000
0000000000000000000000000000
