0000000000000000000000000000
0000000000000000000000000000
0000000001111111000000000000
0000000001011011100000000000
0000000001000000100000000000
0000000001100000110000000000
0000000001100000010000000000
0000000000100000010000000000
0000000000110000011000000000
0000000000110000011000000000
0000000000110000011000000000
0000000000000000011000000000
0000000000000000110000000000
0000000000000001100000000000
0000000000001111000000000000
0000000000001111000000000000
0000000000000011110000000000
0000000000000000111100000000
0000000000000000001100000000
0000000000000000000110000000
0000000000000000000010000000
0000000000000000000011000000
0000000000000000000110000000
0000000000000000001110000000
0000000100000001111000000000
0000000111111111100000000000
0000000000000000000000000000
0000000000000000000000000000
