0000000000000000000000000000
0000000000000000000000000000
0000000000000000000000000000
0000000000000000000000000000
0000011111111000000000000000
0000111100111100000000000000
0001100000000111000000000000
0011000000000111100000000000
0010000000000000100000000000
0010000000000000100000000000
0010000000000000100000000000
0010000000000001100000000000
0011000000000001100000000000
0011100000000000000000000000
0001100000000000000000000000
0000110000000111000000000000
0000010000000011000000000000
0000000000001000000000000000
0000000001100000000000000000
0000000001110000000000000000
0000001110000000000000000000
0000011100011111111111100000
0000111111111110000111111000
0001111100000000000000011100
0000000000000000000000000000
0000000000000000000000000000
0000000000000000000000000000
0000000000000000000000000000
