0000000000000000000000000000
0000000000000000000000000000
0000000000000000111000000000
0000000000000001111000000000
0000000000000011110000000000
0000000000000110110000000000
0000000000001110100000000000
0000000000111001100000000000
0000000001100001100000000000
0000000111000001100000000000
0000001110000011000000000000
0000111000000011000000000000
0000110000000010000000000000
0000100000000110000000000000
0000110000000110000000000000
0000011000000100000000000000
0000001100000100000000000000
0000000110000100000000000000
0000000010001100000000000000
0000000000001100000000000000
0000000000001100000000000000
0000000000001100000000000000
0000110000001100000000000000
0000111111111111111111100000
0000001111011000111111100000
0000000111111000000000000000
0000000000000000000000000000
0000000000000000000000000000
