0000000000000000000000000000
0000000000000000000000000000
0000000000000001100000000000
0000000000000111100000000000
0000000000001111100000000000
0000000000111011000000000000
0000000001110001000000000000
0000000011000001000000000000
0000000111000011000000000000
0000000100000011000000000000
0000001100000011000000000000
0000001000000010000000000000
0000001100000010000000000000
0000000110000010000000000000
0000000000000010000000000000
0000000000000010000000000000
0000000000000010000000000000
0000000000000110000000000000
0000000000000100000000000000
0000000000001100000000000000
0000000000001000000000000000
0000000000011000000010000000
0000000111111111111110000000
0000000110010000000000000000
0000000011110000000000000000
0000000001110000000000000000
0000000000000000000000000000
0000000000000000000000000000
