0000000000000000000000000000
0000000000000000000000000000
0000000000001111100000000000
0000000000011100110000000000
0000000000111110010000000000
0000000001111110010000000000
0000000001000111010000000000
0000000001000000011000000000
0000000001000000011000000000
0000000001100000011000000000
0000000001100000011000000000
0000000000110000010000000000
0000000000111000010000000000
0000000000001100110000000000
0000000000000110100000000000
0000000000000111100000000000
0000000000001111100000000000
0000000000001100110000000000
0000000000011000011000000000
0000000000110000011000000000
0000000001100000001000000000
0000000001100000001000000000
0000000000100000001000000000
0000000000110000011000000000
0000000000011100110000000000
0000000000001111100000000000
0000000000000000000000000000
0000000000000000000000000000
