0000000000000000000000000000
0000000000000000000000000000
0000000000000000111000000000
0000000000000001111000000000
0000000000000011011000000000
0000000000000110011000000000
0000000000000110010000000000
0000000000111100010000000000
0000000000111100010000000000
0000000011100000000000000000
0000000001100000000000000000
0000011000000000100000000000
0001111000000000100000000000
0001110000000000100000000000
0001100000000001100000000000
0001100000000001100000000000
0000000000000001000000000000
0000000000000001000000000000
0000000000000011000000000000
0000000000000011000000000000
0000000000000011000000000000
0000111111000011000000000000
0000111111111111111111110000
0000001100000111111101110000
0000000111110110000000011000
0000000001111110000000000000
0000000000000000000000000000
0000000000000000000000000000
