0000000000000000000000000000
0000000000000000000000000000
0000000000011111100000000000
0000000000011111110000000000
0000000000110000010000000000
0000000001100000010000000000
0000000001000000010000000000
0000000001000000010000000000
0000000001100000010000000000
0000000001100000000000000000
0000000000110000000000000000
0000000000110000000000000000
0000000000011001100000000000
0000000000001111100000000000
0000000000001110000000000000
0000000000011111000000000000
0000000000110001000000000000
0000000000110001110000000000
0000000001100000011000000000
0000000011000000001100000000
0000000011000000001100000000
0000000010000000000100000000
0000000010000000000100000000
0000000011000000001100000000
0000000001111000111000000000
0000000000011111110000000000
0000000000000000000000000000
0000000000000000000000000000
