0000000000000000000000000000
0000000000000000000000000000
0000000000000111010000000000
0000000000000101100000000000
0000000000011001100000000000
0000000000011100100000000000
0000000000110100000000000000
0000000000110000000000000000
0000000000100000000000000000
0000000001100000000000000000
0000000001000000000000000000
0000000011000000000000000000
0000000011000000000000000000
0000000011000000000000000000
0000000010000000000000000000
0000000010000011110000000000
0000000010011111111100000000
0000000010111000001100000000
0000000010111000000100000000
0000000010001100001100000000
0000000010000100001100000000
0000000011000000011000000000
0000000001000000010000000000
0000000001100000110000000000
0000000000110001100000000000
0000000000011111000000000000
0000000000000000000000000000
0000000000000000000000000000
