0000000000000000000000000000
0000000000000000000000000000
0000000000000000000100000000
0000000000000000001100000000
0000000000000000001110000000
0000000000000000011110000000
0000000000001111111110000000
0000000000011111111110000000
0000000000011110001100000000
0000000000011100001110000000
0000000000110100001110000000
0000000000110000001110000000
0000000001100000001100000000
0000000001100000011100000000
0000000001100000011100000000
0000000001100000110100000000
0000000000110011110100000000
0000000000111110000110000000
0000000000000000000110000000
0000000000000000000110000000
0000000000000000000110000000
0000000000000000000010000000
0000000000000000000010000000
0000000000000000000010000000
0000000011111111111110000000
0000000011100001111110000000
0000000000000000000000000000
0000000000000000000000000000
