0000000000000000000000000000
0000000000000000000000000000
0000000000000000001100000000
0000000000000000011110000000
0000000000000000111110000000
0000000000000001111100000000
0000000000000011001100000000
0000000000000110001100000000
0000000000001100001100000000
0000000000001100001100000000
0000000000011000001100000000
0000000000110000001100000000
0000000001100000001100000000
0000000011000000001100000000
0000000111000011111100000000
0000000111111111011000000000
0000000011110000011000000000
0000000000000000011000000000
0000000000000000010000000000
0000000000000000010000000000
0000000000000000110000000000
0000000000000000110000000000
0000000000000000110000000000
0000000000000000100000000000
0000000000000000110000000000
0000000000000000110000000000
0000000000000000000000000000
0000000000000000000000000000
