0000000000000000000000000000
0000000000000000000000000000
0000000000000111110000000000
0000000000001111111000000000
0000000000001101111000000000
0000000000001100011000000000
0000000000011000011000000000
0000000000010000011000000000
0000000000010000011000000000
0000000000010000111000000000
0000000000010001101000000000
0000000000011111001000000000
0000000000001110001100000000
0000000000000000001100000000
0000000000000000001100000000
0000000000000000001100000000
0000000000000000000100000000
0000000000000000000100000000
0000000000000000000100000000
0000000000000000000100000000
0000000000000000000100000000
0000000000000000000100000000
0000000001111111000100000000
0000000001110011111100000000
0000000000111000000100000000
0000000000001100000000000000
0000000000000000000000000000
0000000000000000000000000000
