0000000000000000000000000000
0000000000000000000000000000
0000111111111111100000000000
0000100000000011111110000000
0000110000000000011110000000
0000010000000000001110000000
0000011000000000001100000000
0000001000000000001100000000
0000001100000000001000000000
0000000110000000111000000000
0000000110000000110000000000
0000000000000001100000000000
0000000011100001100000000000
0000000011111111111111110000
0000000011000111111111110000
0000000011000110000000000000
0000000000001100000000000000
0000000000001100000000000000
0000000000011000000000000000
0000000000011000000000000000
0000000000110000000000000000
0000000000110000000000000000
0000000001100000000000000000
0000000011000000000000000000
0000000011000000000000000000
0000000011000000000000000000
0000000000000000000000000000
0000000000000000000000000000
