0000000000000000000000000000
0000000000000000000000000000
0000000000000011110000000000
0000000000000110011000000000
0000000000001100011000000000
0000000000001100011000000000
0000000000001110011000000000
0000000000011110011000000000
0000000000011110011000000000
0000000000110110011000000000
0000000000100011111000000000
0000000001100001111000000000
0000000001100001111000000000
0000000001100011111000000000
0000000000101110011000000000
0000000000111100011000000000
0000000000000000011000000000
0000000000000000001000000000
0000000000000000001000000000
0000000000000000001000000000
0000000000000000001000000000
0000000000000000011000000000
0000000000000000011000000000
0000000000000000111000000000
0000000000000111100000000000
0000000001111110000000000000
0000000000000000000000000000
0000000000000000000000000000
