0000000000000000000000000000
0000000000000000000000000000
0000000000000001100000000000
0000000000011111100000000000
0000000000111011100000000000
0000000000011011110000000000
0000000000010011110000000000
0000000000000011110000000000
0000000011000001010000000000
0000000110000001110000000000
0000000100000001111000000000
0000000100000000111000000000
0000000100000000110000000000
0000000100000000110000000000
0000000100000000111000000000
0000000100000001111000000000
0000000111000111001100000000
0000000011111110001100000000
0000000000000000000100000000
0000000000000000000110000000
0000000000000000000110000000
0000000000000000000110000000
0000000000000000000110000000
0000000000000000001100000000
0000000010000000011100000000
0000000111111111110000000000
0000000000000000000000000000
0000000000000000000000000000
