0000000000000000000000000000
0000000000000000000000000000
0000000000000001111000000000
0000000000000011111000000000
0000000000000111101000000000
0000000000001110001100000000
0000000000001100000100000000
0000000000011100000000000000
0000000000011100000000000000
0000000000110100000000000000
0000000000110000000000000000
0000000001100000000000000000
0000000001100000000000000000
0000000011000000000000000000
0000000011001111111000000000
0000000011111110111100000000
0000000011100000010110000000
0000000010000000000110000000
0000000010000000000110000000
0000000011000000001100000000
0000000011000000001100000000
0000000011000000111000000000
0000000011000011110000000000
0000000011111111000000000000
0000000000111110000000000000
0000000000000110000000000000
0000000000000000000000000000
0000000000000000000000000000
