0000000000000000000000000000
0000000000000000000000000000
0000000000000011111000000000
0000000000000111001000000000
0000000000011100001100000000
0000000000111111001100000000
0000000000111000001100000000
0000000000010000001000000000
0000000000010000011000000000
0000000000011000011000000000
0000000000001000110000000000
0000000000001100110000000000
0000000000000111100000000000
0000000000000111000000000000
0000000000000011000000000000
0000000000001111000000000000
0000000000001101100000000000
0000000000011001100000000000
0000000000110000100000000000
0000000001100000100000000000
0000000001100000100000000000
0000000001000001100000000000
0000000001000001100000000000
0000000001000011000000000000
0000000001100111000000000000
0000000000111110000000000000
0000000000000000000000000000
0000000000000000000000000000
