0000000000000000000000000000
0000000000000000000000000000
0001110000000000000000000000
0001111111111111111100000000
0001100000000011111111000000
0001100000000000000111000000
0000000000000000001110000000
0000000000000000011100000000
0000000000000000011000000000
0000000000011100110000000000
0000000000011111111111111100
0000000000011001100111111000
0000000000001001000000001000
0000000000001011000000000000
0000000000001111000000000000
0000000000000110000000000000
0000000000000110000000000000
0000000000001100000000000000
0000000000001100000000000000
0000000000001000000000000000
0000000000001000000000000000
0000000000011000000000000000
0000000000011000000000000000
0000000000010000000000000000
0000000000010000000000000000
0000000000110000000000000000
0000000000000000000000000000
0000000000000000000000000000
