0000000000000000000000000000
0000000000000000000000000000
0000000000000000001100000000
0000000000000000011000000000
0000000000000000110000000000
0000000000000001110000000000
0000000000000011110000000000
0000000000000110100000000000
0000000000011100100000000000
0000000000111001100000000000
0000000011100001100000000000
0000000111000001100000000000
0000001000000001000000000000
0000001100000001000000000000
0000001100000011000000000000
0000000110000011000000000000
0000000110000011000000000000
0000000010000011000000000000
0000000000000010000000000000
0000000000000010000000000000
0000000000000010000000000000
0000000000111111111111110000
0000111111111111000000010000
0000111111001100000000000000
0000000001111100000000000000
0000000000011000000000000000
0000000000000000000000000000
0000000000000000000000000000
