0000000000000000000000000000
0000000000000000000000000000
0000001011111111100000000000
0000001000110011111110000000
0000001100000000000111100000
0000000100000000000001110000
0000000110000000000111000000
0000000110000000001100000000
0000000010000000111000000000
0000000010000011110000000000
0000000000000111000000000000
0000000000111100000000000000
0000000011111111100000000000
0000001111111011111000000000
0000001100111000011000000000
0000000000010000000100000000
0000000000000000000110000000
0000000000000000000010000000
0000000000000000000011000000
0000000000000000000011000000
0000000000000000000011000000
0000000000000000000110000000
0000000000000000001100000000
0000000000000000111000000000
0000000000001111100000000000
0000011111111100000000000000
0000000000000000000000000000
0000000000000000000000000000
