0000000000000000000000000000
0000000000000000000000000000
0000000000100000000000000000
0000000000100000000000000000
0000000011111110001110000000
0000000011111110011110000000
0000000011000000000000000000
0000000011000000000000000000
0000000001000000000000000000
0000000001000000000000000000
0000000001011110000000000000
0000000001111111000000000000
0000000001100001100000000000
0000000000000000110000000000
0000000000000000011000000000
0000000000000000011100000000
0000000000000000000110000000
0000000000000000000011000000
0000000000000000000011000000
0000000000000000000011000000
0000000000000000000110000000
0000000000000000001110000000
0000000000000000111000000000
0000000000000011110000000000
0000001100011111000000000000
0000001111111000000000000000
0000000000000000000000000000
0000000000000000000000000000
