0000000000000000000000000000
0000000000000000000000000000
0000000000000111100000000000
0000000000001100110000000000
0000000000001000110000000000
0000000000011000011000000000
0000000000110000001100000000
0000000001100000001100000000
0000000001100000000100000000
0000000001000000000110000000
0000000001000000000110000000
0000000011000000000110000000
0000000011000000000010000000
0000000010000000000010000000
0000000010000000000010000000
0000000110000000000110000000
0000000110000000000110000000
0000000100000000000110000000
0000000100000000000100000000
0000000100000000000100000000
0000000100000000001100000000
0000000100000000011000000000
0000000100000000011000000000
0000000110000000110000000000
0000000011000011100000000000
0000000001111110000000000000
0000000000000000000000000000
0000000000000000000000000000
