0000000000000000000000000000
0000000000000000000000000000
0000000000001111110000000000
0000000000001100110000000000
0000000000011000011000000000
0000000000000110011000000000
0000000000011110011000000000
0000000001111100011000000000
0000000001110000011000000000
0000000001000000011000000000
0000000001000000110000000000
0000000001100000110000000000
0000000001100001100000000000
0000000000110011000000000000
0000000000011011000000000000
0000000000011011000000000000
0000000000001110000000000000
0000000000011110000000000000
0000000000111011000000000000
0000000000110001100000000000
0000000001100000100000000000
0000000001000000110000000000
0000000001000000110000000000
0000000001000000110000000000
0000000001100001100000000000
0000000001111111000000000000
0000000000000000000000000000
0000000000000000000000000000
