0000000000000000000000000000
0000000000000000000000000000
0000000000000001100000000000
0000000000000011100000000000
0000000000000111100000000000
0000000000001111000000000000
0000000000111101000000000000
0000000001100001000000000000
0000000111100011000000000000
0000011100000011000000000000
0001111000000011000000000000
0001000000000010000000000000
0001100000000010000000000000
0000110000000010000000000000
0000110000000010000000000000
0000000000000010000000000000
0000000000000010000000000000
0000000000000010000000000000
0000000000000010000000000000
0000000000000110000000000000
0000000000000110000000000000
0000000000000110000000000000
0000000000011111111100000000
0000001111111111111111110000
0000111100011100000001110000
0000111111111000000000000000
0000000000000000000000000000
0000000000000000000000000000
