0000000000000000000000000000
0000000000000000000000000000
0000000000000001111111000000
0000000000000011000011100000
0000000000000110000001100000
0000000000011100000000100000
0000000000111000000000100000
0000000001100000000000100000
0000000001100000000001100000
0000000011000000000001100000
0000000110000000000001100000
0000000110000000000001000000
0000001100000000000011000000
0000001100000000000011000000
0000011000000000000110000000
0000011000000000000110000000
0000011100000000001100000000
0000011100000000001000000000
0000011000000000011000000000
0000000000000000000000000000
0000000100000000000000000000
0000000000000000100000000000
0000000010000001100000000000
0000000000100001000000000000
0000000001110011000000000000
0000000000001110000000000000
0000000000000000000000000000
0000000000000000000000000000
