0000000000000000000000000000
0000000000000000000000000000
0000000000000000011100000000
0000000000000000101100000000
0000000000000001100100000000
0000000000000111000110000000
0000000000000110000110000000
0000000000000100000000000000
0000000000011100000000000000
0000000000110000000000000000
0000000000110000000000000000
0000000001100000000000000000
0000000001100000000000000000
0000000011000000000000000000
0000000011000000000000000000
0000000110001110000000000000
0000000110111111100000000000
0000000101100001110000000000
0000000111000000110000000000
0000000111000000010000000000
0000000111000000010000000000
0000000100000000110000000000
0000000110000001110000000000
0000000110000011100000000000
0000000011100111000000000000
0000000001111110000000000000
0000000000000000000000000000
0000000000000000000000000000
