0000000000000000000000000000
0000000000000000000000000000
0000000000000011111100000000
0000000000000111000110000000
0000000000011100000011000000
0000000001111000000011000000
0000000011100000000001000000
0000000111000000000001000000
0000000111000000000001000000
0000001101100000000001000000
0000001101100000000001000000
0000001000100000000001000000
0000011000000000000001000000
0000011000000000000001000000
0000010000000000000001000000
0000010000000000000001000000
0000010000000000000011000000
0000010000000000000011000000
0000010000000000000110000000
0000010000000000001110000000
0000010000000000001100000000
0000011000000000011000000000
0000011000000000110000000000
0000001100000011100000000000
0000001110000111000000000000
0000000111111100000000000000
0000000000000000000000000000
0000000000000000000000000000
