0000000000000000000000000000
0000000000000000000000000000
0000000000111111110000000000
0000000001111011010000000000
0000000011100011110000000000
0000001111100001110000000000
0000001100000000110000000000
0000001100000000110000000000
0000001100000001100000000000
0000000000000001100000000000
0000000000000001100000000000
0000000000000001100000000000
0000000000000001100000000000
0000000000000001100000000000
0000000000000001100000000000
0000000000000001110000000000
0000000000000001010000000000
0000000000000001010000000000
0000000000000011011000000000
0000000000000011000000000000
0000000000000011000000000000
0000000000000010000000000000
0000000011111110000000000000
0000000111011110000000000000
0000000111111111111111100000
0000000000000000000111100000
0000000000000000000000000000
0000000000000000000000000000
