0000000000000000000000000000
0000000000000000000000000000
0000000001111000000000000000
0000000000011100000000000000
0000000000001100000000000000
0000000010000110000000000000
0000000100000110000000000000
0000000000000110000000000000
0000000000000110000000000000
0000000000000110000000000000
0000000000000110000000000000
0000000000000010000000000000
0000000000000110000000000000
0000000000000110000000000000
0000000000000110000000000000
0000000000000100000000000000
0000000000000100000000000000
0000000000001100000000000000
0000000000011000000000000000
0000000000011000000000000000
0000000000011000000000000000
0000000000110000000000000000
0000000001111110000000000000
0000011111111111111100000000
0000011110000000011111000000
0000000000000000000011100000
0000000000000000000000000000
0000000000000000000000000000
