0000000000000000000000000000
0000000000000000000000000000
0000000000000000000000000000
0000000000111111000000000000
0000000111100011110000000000
0000001110000000111000000000
0000011000000000001100000000
0000110000000000001110000000
0001100000000000000110000000
0001100000000000000010000000
0011000000000000000010000000
0011000000000000000010000000
0011000000000000000110000000
0011000000000000000110000000
0011000000000000000110000000
0011000000000000001100000000
0000000000000000011000000000
0000000000000000110000000000
0000000000000001100000000000
0000000000000111000000000000
0000000000001110000000000000
0000000000111000000000000000
0000000011111111111111100000
0000001111110111111111111000
0000011100000000000000011100
0000000000000000000000000000
0000000000000000000000000000
0000000000000000000000000000
