0000000000000000000000000000
0000000000000000000000000000
0000000000000001111110000000
0000000000000111011111000000
0000000000001110001011000000
0000000000111110000011000000
0000000000111110000110000000
0000000001100000000110000000
0000000001100000001100000000
0000000000100000011000000000
0000000000110000011000000000
0000000000110000110000000000
0000000000011001100000000000
0000000000001111000000000000
0000000000001110000000000000
0000000000001110000000000000
0000000000011011000000000000
0000000000110001100000000000
0000000001100000110000000000
0000000011000000111000000000
0000000110000000011000000000
0000000110000000011000000000
0000000100000000110000000000
0000000110000001110000000000
0000000111000111100000000000
0000000011111110000000000000
0000000000000000000000000000
0000000000000000000000000000
