0000000000000000000000000000
0000000000000000000000000000
0000000000000011110000000000
0000000000000110111000000000
0000000000000000011000000000
0000000000000000011000000000
0000000000011000011100000000
0000000001111000111100000000
0000000011100000110100000000
0000000011000000110100000000
0000000110000000110100000000
0000000100000000110100000000
0000000100000000110100000000
0000000100000000111100000000
0000000110000000011100000000
0000000011100000011000000000
0000000001111110011000000000
0000000000011110011000000000
0000000000000000001000000000
0000000000000000001100000000
0000000000000000001100000000
0000000000000000000110000000
0000000000000000000110000000
0000000000000000000010000000
0000000011111110000010000000
0000000011011111111110000000
0000000000000000000000000000
0000000000000000000000000000
