0000000000000000000000000000
0000000000000000000000000000
0000000000000000111111000000
0000000000000000111011000000
0000000000000001100001100000
0000000000000111000001100000
0000000000000110000000000000
0000000000001100000000000000
0000000000011000000000000000
0000000000110000000000000000
0000000001100000000000000000
0000000011000000000000000000
0000000011000000000000000000
0000000110000000000000000000
0000000100001111100000000000
0000001101111111111000000000
0000001111100000001100000000
0000001110000000001100000000
0000001110000000000100000000
0000001000000000000100000000
0000001100000000000100000000
0000001100000000000100000000
0000000111000000000100000000
0000000011110000001100000000
0000000000111100111000000000
0000000000001111110000000000
0000000000000000000000000000
0000000000000000000000000000
