0000000000000000000000000000
0000000000000000000000000000
0000000000000000011000000000
0000000000000000111000000000
0000000000000000111000000000
0000000000000001111000000000
0000000000000001111000000000
0000000000000011011000000000
0000000000000011010000000000
0000000000000110010000000000
0000000000000110010000000000
0000000000001100010000000000
0000000000011000010000000000
0000000001110000010000000000
0000000011100000010000000000
0000000011000000010000000000
0000001110000000010000000000
0000011000000000010000000000
0000011011111100110000000000
0000001111111111110000000000
0000000000000000111111100000
0000000000000001100011100000
0000000000000001100000000000
0000000000000011000000000000
0000000000000011000000000000
0000000000000010000000000000
0000000000000000000000000000
0000000000000000000000000000
