0000000000000000000000000000
0000000000000000000000000000
0000111111111111111101110000
0000100111111111111111111000
0000100000000000000000111000
0000110000000000000001110000
0000110000000000000011000000
0000011000000000000110000000
0000011000000000000110000000
0000000000000000001100000000
0000000000000000011000000000
0000000000000000011001111000
0000000001111000111111110000
0000000001111111111100000000
0000000000000001100000000000
0000000000000011000000000000
0000000000000110000000000000
0000000000000110000000000000
0000000000001100000000000000
0000000000011000000000000000
0000000000011000000000000000
0000000000110000000000000000
0000000001100000000000000000
0000000001000000000000000000
0000000011000000000000000000
0000000011000000000000000000
0000000000000000000000000000
0000000000000000000000000000
