0000000000000000000000000000
0000000000000000000000000000
0000000000000011111100000000
0000000001100111000110000000
0000000001101100000010000000
0000000001111000000011000000
0000000011110000000011000000
0000000110110000000001000000
0000000100100000000001000000
0000000100000000000001000000
0000000100000000000001000000
0000000110000000000011000000
0000000110000000000011000000
0000000110000000000011000000
0000000110000000000010000000
0000000100000000000010000000
0000000100000000000010000000
0000000100000000000110000000
0000000100000000000110000000
0000000110000000000100000000
0000000110000000001100000000
0000000010000000001100000000
0000000011000000011000000000
0000000001100000110000000000
0000000000111001100000000000
0000000000011111000000000000
0000000000000000000000000000
0000000000000000000000000000
