0000000000000000000000000000
0000000000000000000000000000
0011111000000000000000000000
0011111111111110011110011000
0011000111111111111111111000
0001000000000000000000011000
0000000000000000000000110000
0000000000000000000000100000
0000000000000000000001100000
0000000000000000000011000000
0000000000011111000011111000
0000000000011111111111111000
0000000000011000001100000000
0000000000000000011000000000
0000000000000000111000000000
0000000000000001110000000000
0000000000000001100000000000
0000000000000011000000000000
0000000000000110000000000000
0000000000001100000000000000
0000000000011000000000000000
0000000000111000000000000000
0000000000110000000000000000
0000000001100000000000000000
0000000011000000000000000000
0000000111000000000000000000
0000000000000000000000000000
0000000000000000000000000000
