0000000000000000000000000000
0000000000000000000000000000
0000000000000000010000000000
0000000000000000010000000000
0000000000001110110000000000
0000000000111100110000000000
0000000000010000110000000000
0000000000000001110000000000
0000000000100001110000000000
0000000001110001110000000000
0000000011011001110000000000
0000000011011000110000000000
0000000010001100110000000000
0000000010000000100000000000
0000000010000001100000000000
0000000011000011110000000000
0000000001101110110000000000
0000000000111100110000000000
0000000000000000010000000000
0000000000000000010000000000
0000000000000000011000000000
0000000000000000011000000000
0000000000000000011000000000
0000000000000000001000000000
0000000011111111001000000000
0000000011000011111000000000
0000000000000000000000000000
0000000000000000000000000000
