0000000000000000000000000000
0000000000000000000000000000
0000000000011111100000000000
0000000000011111111000000000
0000000001111111011000000000
0000000001110000000000000000
0000000001110000000000000000
0000000001110000000000000000
0000000000110000000000000000
0000000000110000000000000000
0000000001111000000000000000
0000000001101000000000000000
0000000001101111000000000000
0000000001111111100000000000
0000000001100000111000000000
0000000001100000011000000000
0000000001100000001100000000
0000000001100000001100000000
0000000001100000000100000000
0000000001100000000100000000
0000000001100000001100000000
0000000001100000001000000000
0000000001100000011000000000
0000000001100000110000000000
0000000000110011100000000000
0000000000011111000000000000
0000000000000000000000000000
0000000000000000000000000000
