0000000000000000000000000000
0000000000000000000000000000
0000011111110000000000000000
0000011111111111111111100000
0000011000000000000011000000
0000000000000000000111000000
0000000000000000001100000000
0000000000000000011000000000
0000000000000000111000000000
0000000000000000110000000000
0000000011110001100000000000
0000000011111111011111000000
0000000001000111111111000000
0000000001100110110000000000
0000000001001100000000000000
0000000000011000000000000000
0000000000011000000000000000
0000000000110000000000000000
0000000000100000000000000000
0000000001100000000000000000
0000000011000000000000000000
0000000011000000000000000000
0000000110000000000000000000
0000000110000000000000000000
0000001100000000000000000000
0000001100000000000000000000
0000000000000000000000000000
0000000000000000000000000000
