0000000000000000000000000000
0000000000000000000000000000
0000000000000000000000000000
0000000111111000000000000000
0000001111001110000000000000
0000111000000111000000000000
0000110000000011000000000000
0011100000000001100000000000
0011000000000001100000000000
0010000000000001100000000000
0011000000000001100000000000
0001100000000001100000000000
0001100000000001100000000000
0000110000000001000000000000
0000011000000011000000000000
0000001110000011000000000000
0000000111000010000000000000
0000000010000010000000000000
0000000000000110000000000000
0000000000001100000000000000
0000000000011000000000000000
0000000000110000000000000000
0000000001100000000000000000
0000000011000001110000000000
0000000011111111111111111100
0000001111000000000000000100
0000000000000000000000000000
0000000000000000000000000000
