0000000000000000000000000000
0000000000000000000000000000
0000000000000000111000000000
0000000000000001111000000000
0000000000000011001000000000
0000000000000110001100000000
0000000000001110001100000000
0000000000001100000100000000
0000000000011000000000000000
0000000000110000000000000000
0000000000110000000000000000
0000000001100000000000000000
0000000001000000000000000000
0000000011000000000000000000
0000000011011111000000000000
0000000010110011110000000000
0000000011100000110000000000
0000000011000000011000000000
0000000010000000011000000000
0000000010000000001000000000
0000000010000000011000000000
0000000011000000011000000000
0000000001000000110000000000
0000000001100001110000000000
0000000000110011100000000000
0000000000011110000000000000
0000000000000000000000000000
0000000000000000000000000000
