0000000000000000000000000000
0000000000000000000000000000
0000000000000000110000000000
0000000000000000110000000000
0000000000000000110000000000
0000000000000011100000000000
0000000000000011100000000000
0000000000000010100000000000
0000000000000110100000000000
0000000000000110100000000000
0000000001110110100000000000
0000000011100000100000000000
0000000011100000100000000000
0000011110110000100000000000
0000011000011111111100000000
0000011111111100101100000000
0000011100000000100000000000
0000000000000000100000000000
0000000000000000100000000000
0000000000000001100000000000
0000000000000001100000000000
0000001111111111111100000000
0000001110000001111111100000
0000000011100011000000000000
0000000001111111000000000000
0000000000001110000000000000
0000000000000000000000000000
0000000000000000000000000000
