0000000000000000000000000000
0000000000000000000000000000
0000000000111111111111000000
0000000001110110011011000000
0000000011000000000001100000
0000000011000000000001100000
0000000111000000000000100000
0000000111100000000000100000
0000001100000000000000100000
0000001100000000000000100000
0000001000000000000001100000
0000001000000000000001100000
0000011000000000000001100000
0000010000000000000001100000
0000010000000000000001000000
0000010000000000000001000000
0000010000000000000011000000
0000010000000000000011000000
0000010000000000000110000000
0000010000000000000100000000
0000010000000000001100000000
0000010000000000011000000000
0000011000000000110000000000
0000011000000011100000000000
0000001110011111000000000000
0000000111111100000000000000
0000000000000000000000000000
0000000000000000000000000000
