0000000000000000000000000000
0000000000000000000000000000
0000000000000001111100000000
0000000000000011000110000000
0000000000000110000110000000
0000000000000110000110000000
0000000000011111000110000000
0000000000111110001100000000
0000000000110000011000000000
0000000000100000111000000000
0000000000110000110000000000
0000000000110001100000000000
0000000000011011000000000000
0000000000011110000000000000
0000000000001110000000000000
0000000000011111000000000000
0000000000111011100000000000
0000000000110000110000000000
0000000001100000011000000000
0000000011000000011000000000
0000000010000000010000000000
0000000010000000110000000000
0000000010000001110000000000
0000000010000011100000000000
0000000011001110000000000000
0000000001111100000000000000
0000000000000000000000000000
0000000000000000000000000000
