0000000000000000000000000000
0000000000000000000000000000
0000000000000000011000000000
0000000000000000011000000000
0000000000000000111000000000
0000000000000000111000000000
0000000000000001111000000000
0000000000000001111000000000
0000000000000011011000000000
0000000000000110011000000000
0000000000000110011000000000
0000000000001100011000000000
0000000000011000011000000000
0000000000110000011000000000
0000000001100000011000000000
0000000111000000011000000000
0000001110000000011000000000
0000111000000000011000000000
0000111111111111111000000000
0000000000000111111111110000
0000000000000000010011100000
0000000000000000110011000000
0000000000000000110000000000
0000000000011111111100000000
0000001111111111111111111000
0000001111111111000000011000
0000000000000000000000000000
0000000000000000000000000000
