0000000000000000000000000000
0000000000000000000000000000
0011111111111111111111100000
0011101111000000001111000000
0011000000000000000011000000
0000000000000000000011000000
0000000000000000000110000000
0000000000000000001100000000
0000000000000000011000000100
0000000000011111111111111100
0000000000010001111111000000
0000000000011000110000000000
0000000000000001100000000000
0000000000000001000000000000
0000000000000011000000000000
0000000000000011000000000000
0000000000000110000000000000
0000000000001100000000000000
0000000000001100000000000000
0000000000011000000000000000
0000000000110000000000000000
0000000000110000000000000000
0000000001100000000000000000
0000000001100000100000000000
0000000011100000000000000000
0000000011000000000000000000
0000000000000000000000000000
0000000000000000000000000000
