0000000000000000000000000000
0000000000000000000000000000
0000000111111110000000000000
0000000110100110000000000000
0000000110000011000000000000
0000111110000011000000000000
0000111110000001100000000000
0000100011000001100000000000
0000110011000001100000000000
0000000000000001100000000000
0000000000000001100000000000
0000000000000001100000000000
0000000000000001100000000000
0000000000000011100000000000
0000000000000011000000000000
0000000000000110000000000000
0000000000000110000000000000
0000000000001100000000000000
0000000000011000000000000000
0000000000111100000000000000
0000000001100000000000000000
0000000011000111111111110000
0000000111111111111111110000
0000001111100000000000000000
0000011110000000000000000000
0000111000000000000000000000
0000000000000000000000000000
0000000000000000000000000000
