0000000000000000000000000000
0000000000000000000000000000
0000000000111111111110000000
0000000111111110000000000000
0000000010111000000000000000
0000000000110000000000000000
0000000000110000000000000000
0000000000100000000000000000
0000000000100000000000000000
0000000000100000000000000000
0000000000111110000000000000
0000000000000111100000000000
0000000000000001110000000000
0000000000000000011000000000
0000000000000000001100000000
0000000000000000000110000000
0000000000000000000011000000
0000000000000000000011000000
0000000000000000000011000000
0000000000000000100001000000
0000000000000001100011000000
0000000000000000000111000000
0000000000000000000110000000
0000000000000000011100000000
0000001100000111110000000000
0000001111111111000000000000
0000000000000000000000000000
0000000000000000000000000000
