0000000000000000000000000000
0000000000000000000000000000
0000111110000000000000000000
0000111111111000000000000000
0000010000011111111110000000
0000011000000000001111100000
0000001000000000000011100000
0000000000000000000011000000
0000000000000000000110000000
0000000000000000001100000000
0000000000000000111000000000
0000000000000011110000000000
0000000000000111000000000000
0000000000001100000000000000
0000000011111111110000000000
0000000011110000111000000000
0000000000000000001110000000
0000000000000000000111000000
0000000000000000000011000000
0000000000000000000001100000
0000000000000000000001100000
0000000000000000000001100000
0000000000000000000011000000
0000000000000000000111000000
0000011000000111111100000000
0000011111111111100000000000
0000000000000000000000000000
0000000000000000000000000000
