0000000000000000000000000000
0000000000000000000000000000
0000000000011111000000000000
0000000000011001100000000000
0000000001110000110000000000
0000000011110000110000000000
0000000011000000010000000000
0000000110000000011000000000
0000000110000000001100000000
0000000100000000001100000000
0000000100000000000110000000
0000000100000000000110000000
0000000100000000000110000000
0000000100000000000110000000
0000000100000000000110000000
0000000100000000000100000000
0000000100000000000100000000
0000000100000000000100000000
0000000100000000000100000000
0000000100000000001100000000
0000000100000000001100000000
0000000110000000001000000000
0000000110000000011000000000
0000000011000000110000000000
0000000011100001100000000000
0000000000111111000000000000
0000000000000000000000000000
0000000000000000000000000000
