0000000000000000000000000000
0000000000000000000000000000
0000000000000000000000000000
0000000000000010000000000000
0000000000000010000000000000
0000000000000110000000000000
0000000000001110000000000000
0000000000110010000000000000
0000000001110010000000000000
0000000011100010000000000000
0000000110000010000000000000
0000111100000010000000000000
0001100000000010000000000000
0011000000000110000000000000
0011000000000110000000000000
0010000000000110000000000000
0000000000000110000000000000
0000000000000100000000000000
0000000000001100000000000000
0000000000001100000000011100
0000111111111111111111111100
0001111000011111111110000000
0001110001111000000000000000
0000111111100000000000000000
0000000000000000000000000000
0000000000000000000000000000
0000000000000000000000000000
0000000000000000000000000000
