0000000000000000000000000000
0000000000000000000000000000
0000000000111000000000000000
0000000000111111000000000000
0000000000000011000000000000
0000000000110001111111100000
0000000000110001100111100000
0000000001111000000001100000
0000000011111000000001100000
0000000011011000000000000000
0000000011001100000000000000
0000000110000000000000000000
0000000111110000000000000000
0000001111111110000000000000
0000001100000111000000000000
0000001100000001110000000000
0000000000000000111000000000
0000000000001000001100000000
0000000000001000000110000000
0000000000000000000011000000
0000000000000000000011000000
0000000000000000000011000000
0000000000000000000011000000
0000000000000000000011000000
0000001111000000001110000000
0000001111111111111100000000
0000000000000000000000000000
0000000000000000000000000000
