0000000000000000000000000000
0000000000000000000000000000
0000000000111011000000000000
0000000001111111100000000000
0000000001101110110000000000
0000000001001110011000000000
0000000000000100011000000000
0000000000000000011000000000
0000000000000000011000000000
0000000000000000011000000000
0000000000000000111000000000
0000000000000000110000000000
0000000000000011100000000000
0000000000001111000000000000
0000000000111100000000000000
0000000000111111000000000000
0000000000001111110000000000
0000000000000000111100000000
0000000000000000001110000000
0000000000000000000111000000
0000000000000000000010000000
0000000000000000000110000000
0000000110000000001100000000
0000000111000000111000000000
0000000011110011110000000000
0000000000111111100000000000
0000000000000000000000000000
0000000000000000000000000000
