0000000000000000000000000000
0000000000000000000000000000
0000000000000000011100000000
0000000000000000111000000000
0000000000000001110000000000
0000000000000011100000000000
0000000000000111100000000000
0000000000001101000000000000
0000000000011101000000000000
0000000000110011000000000000
0000000001100011000000000000
0000000111000010000000000000
0000001110000010000000000000
0000001100000110000000000000
0000001100000110000000000000
0000001100000110000000000000
0000000100000110000000000000
0000000000000110000000000000
0000000000000100000000000000
0000000000000100000000000000
0000000000000100000000000000
0000000000000100000000000000
0000000000001100000000000000
0000001111111111100000000000
0000000111111111111111100000
0000000001111100001111000000
0000000000000000000000000000
0000000000000000000000000000
