0000000000000000000000000000
0000000000000000000000000000
0000000001111111000000000000
0000000011101001100000000000
0000000011000000110000000000
0000000010000000110000000000
0000000011000000011000000000
0000000001000000011000000000
0000000001100000001000000000
0000000000000000001000000000
0000000000000000001000000000
0000000000000000001000000000
0000000000000000001000000000
0000000000000000111000000000
0000000000001111111000000000
0000000000000000011100000000
0000000000000000000100000000
0000000000000000000100000000
0000000000000000000110000000
0000000000000000000110000000
0000000000000000000110000000
0000000000000000000110000000
0000000000000000001100000000
0000000011000000111000000000
0000000001110011110000000000
0000000000111111000000000000
0000000000000000000000000000
0000000000000000000000000000
