0000000000000000000000000000
0000000000000000000000000000
0000000000000000000000000000
0000000000000000000000000000
0000000000000000000000000000
0000001111111100000000000000
0000011110000110000000000000
0000110000000011000000000000
0001110000000011100000000000
0011100000000000110000000000
0011000000000000110000000000
0010000000000000110000000000
0010000000000000110000000000
0010000000000000110000000000
0011000000000000110000000000
0011000000000001100000000000
0000000000000011000000000000
0000000000000110000000000000
0000000000000110000000000000
0000000000001100000000000000
0000000000011000000000000000
0000000001110000000000000000
0000000011111111111111111100
0000000011111111111111111100
0000000000000000000000000000
0000000000000000000000000000
0000000000000000000000000000
0000000000000000000000000000
