0000000000000000000000000000
0000000000000000000000000000
0000000000001111110000000000
0000000000011100110100000000
0000000000010000011110000000
0000000000010000011110000000
0000000011010000001100000000
0000000011010000011100000000
0000000011110000110000000000
0000000011110001100000000000
0000000001010011100000000000
0000000001100011000000000000
0000000000100110000000000000
0000000000111100000000000000
0000000000111000000000000000
0000000000111000000000000000
0000000000111000000000000000
0000000001101000000000000000
0000000011101100000000000000
0000000011001100000000000000
0000000110000100000000000000
0000000110000100000000000000
0000000100000100000000000000
0000000110000100000000000000
0000000111011100000000000000
0000000001111000000000000000
0000000000000000000000000000
0000000000000000000000000000
