0000000000000000000000000000
0000000000000000000000000000
0000000000000000000000000000
0000000000000000000000000000
0000000000000000000000000000
0000011111100000000000000000
0001111000110000000000000000
0011000000011000000000000000
0011000000011000000000000000
0011110000011000000000000000
0001111000001000000000000000
0000000000001000000000000000
0000000000011000000000000000
0000000000011000000000000000
0000000000011000000000000000
0000000000010000000000000000
0000000000110000000000000000
0000000000110000000000000000
0000000001100000000000000000
0000000111111111111100000000
0000001111110111111111110000
0000001100000000000001111100
0000000000000000000000001100
0000000000000000000000000000
0000000000000000000000000000
0000000000000000000000000000
0000000000000000000000000000
0000000000000000000000000000
