0000000000000000000000000000
0000000000000000000000000000
0000000000000000011000000000
0000000000000000011000000000
0000000000000000111000000000
0000000000000001111000000000
0000000000000001111000000000
0000000000000011011000000000
0000000000000110011000000000
0000000000000110111100000000
0000000000000000111000000000
0000000000010000110000000000
0000000000000000100000000000
0000000011000000100000000000
0000000111000000100000000000
0000001100000001100000000000
0000011000000001100000000000
0000111100000001100000000000
0000111111111111000000000000
0000000000000011111110000000
0000000000000011001110000000
0000000000000010000000000000
0000000000000010000000000000
0000001111111111111111100000
0000001111111110000001110000
0000000001111100000000110000
0000000000000000000000000000
0000000000000000000000000000
