0000000000000000000000000000
0000000000000000000000000000
0000000000000000000111000000
0000000000000000000110000000
0000000000000000000110000000
0000000000000000001110000000
0000000000000000111110000000
0000000000000011110110000000
0000000000000110000110000000
0000000000011100000100000000
0000000000111000000100000000
0000000001100000001100000000
0000000011000000001100000000
0000011110000000001100000000
0000111000000000001000000000
0000110000000000001000000000
0000111111111111101000000000
0000111110000011111111000000
0000000000000000011011110000
0000000000000000011000000000
0000000000000000011000000000
0000000000000000010000000000
0000000000000000010000000000
0000000000000000110000000000
0000000000000000110000000000
0000000000000000110000000000
0000000000000000000000000000
0000000000000000000000000000
