0000000000000000000000000000
0000000000000000000000000000
0000000000000000000000000000
0000000000000000000000000000
0011111111111111111111000000
0010000000000000000111000000
0011000000000000000100000000
0011000000000000001100000000
0000000000000001001100000000
0000000000000001111100011100
0000000000000001011111111100
0000000000000001010000000000
0000000000000001110000000000
0000000000000001110000000000
0000000000000001100000000000
0000000000000001000000000000
0000000000000011000000000000
0000000000000011000000000000
0000000000000110000000000000
0000000000001100000000000000
0000000000001100000000000000
0000000000011000000000000000
0000000000110000000000000000
0000000000110000000000000000
0000000000100000000000000000
0000000000000000000000000000
0000000000000000000000000000
0000000000000000000000000000
