0000000000000000000000000000
0000000000000000000000000000
0000000000000000011110000000
0000000000000001111010100000
0000000000000011100000100000
0000000000000110000000000000
0000000000001100000000000000
0000000000011000000000000000
0000000000110000000000000000
0000000001110000000000000000
0000000001000000000000000000
0000000011000000000000000000
0000000110000000000000000000
0000000110000000000000000000
0000001100000000000000000000
0000001100000000000000000000
0000001101111110000000000000
0000001011111111000000000000
0000001111000001000000000000
0000001010000001100000000000
0000001000000001100000000000
0000001000000001100000000000
0000001100000001100000000000
0000001100000011000000000000
0000000111001110000000000000
0000000011111100000000000000
0000000000000000000000000000
0000000000000000000000000000
