0000000000000000000000000000
0000000000000000000000000000
0000000000000000111100000000
0000000000000011111100000000
0000000000000111001000000000
0000000000000110000000000000
0000000000001100000000000000
0000000000111000000000000000
0000000000110000000000000000
0000000001100000111000000000
0000000011000101111110000000
0000000011001111000011000000
0000000110111011000001000000
0000000111100000000001100000
0000001111000000000001100000
0000001110000000000001100000
0000001100000000000001000000
0000001110000000000011000000
0000001010000000000011000000
0000001000000000000010000000
0000001000000000000110000000
0000001000000000011110000000
0000001100000000011000000000
0000001100000011110000000000
0000000111111111110000000000
0000000011111100000000000000
0000000000000000000000000000
0000000000000000000000000000
