0000000000000000000000000000
0000000000000000000000000000
0000000000000000011000000000
0000000000000000110000000000
0000000000000000110000000000
0000000000000001110000000000
0000000000000001110000000000
0000000000000011110000000000
0000000000000110110000000000
0000000000000110110000000000
0000000000001100110000000000
0000000000011000110000000000
0000000000110000110000000000
0000000001100000100000000000
0000000111000000100000000000
0000001110000000100000000000
0000111000000000100000000000
0001110000000001100000000000
0001111111000001111000000000
0000011111111111111000000000
0000000000000111111000000000
0000000000000001001000000000
0000000000000001000000000000
0000011111111111100000000000
0000011100001111111111100000
0000000000000000000011111100
0000000000000000000000000000
0000000000000000000000000000
