0000000000000000000000000000
0000000000000000000000000000
0000000000000011111000000000
0000000000000111001110000000
0000000000001100000011000000
0000000000011000000001100000
0000000001110010000001100000
0000000011111011000001100000
0000000011001001100001100000
0000000010000000110001100000
0000000110000000110001100000
0000001100000000011001100000
0000001100000000001001100000
0000001000000000000001000000
0000011000000000000001000000
0000011000000000000011000000
0000011000000000000110000000
0000010000000000001100000000
0000010000000000011100000000
0000010000000000111000000000
0000010000000001110000000000
0000010000000011100000000000
0000010000000111000000000000
0000011000001100000000000000
0000001100111000000000000000
0000000111110000000000000000
0000000000000000000000000000
0000000000000000000000000000
