0000000000000000000000000000
0000000000000000000000000000
0000000000000111111110000000
0000000000000100011111000000
0000000000001100000000000000
0000000000011000000000000000
0000000000010000000000000000
0000000000110000000000000000
0000000000100000000000000000
0000000000100000000000000000
0000000001110110000000000000
0000000000111111100000000000
0000000000000001110000000000
0000000000000000011000000000
0000000000000000001100000000
0000000000000000000100000000
0000000000000000000110000000
0000000000000000000110000000
0000000000000000000010000000
0000000000000000000011000000
0000000000000000000011000000
0000000000000000000011000000
0000000000000000000110000000
0000000000000000011100000000
0000000110000011111000000000
0000000111111111000000000000
0000000000000000000000000000
0000000000000000000000000000
