0000000000000000000000000000
0000000000000000000000000000
0000000111000000000000000000
0000000111111111101110000000
0000000110110111111111110000
0000000011000000000011110000
0000000011000000000011100000
0000000001100000000011000000
0000000001100000000110000000
0000000000110000001100000000
0000000000000000111000000000
0000000000000001110000000000
0000000000000011100000000000
0000000000000110000000000000
0000000000011110000000000000
0000000000111111111000000000
0000000001110000011110000000
0000000000000000000010000000
0000000000000000000011000000
0000000000000000000011000000
0000000000000000000011000000
0000000000000000000110000000
0000000000000000000110000000
0000010000000000011100000000
0000011111100011111000000000
0000000111111111000000000000
0000000000000000000000000000
0000000000000000000000000000
