0000000000000000000000000000
0000000000000000000000000000
0000000000000011111100000000
0000000000000111000110000000
0000000000000110000110000000
0000000000001100000110000000
0000000000001111000010000000
0000000000011111100110000000
0000000000011010000110000000
0000000000011000001100000000
0000000000011000011000000000
0000000000001000110000000000
0000000000001101100000000000
0000000000000111100000000000
0000000000000110000000000000
0000000000001111000000000000
0000000000011011000000000000
0000000000110001100000000000
0000000001100001100000000000
0000000011000000100000000000
0000000011000000100000000000
0000000010000001100000000000
0000000010000011000000000000
0000000011100110000000000000
0000000001111100000000000000
0000000000011000000000000000
0000000000000000000000000000
0000000000000000000000000000
