0000000000000000000000000000
0000000000000000000000000000
0000000000001100111000000000
0000000000001111111000000000
0000000000000000110000000000
0000000000000001110000000000
0000000000011001110000000000
0000000001100001110000000000
0000000001100001100000000000
0000000001000000100000000000
0000000001000000100000000000
0000000001000000111000000000
0000000001000000110000000000
0000000001100001110000000000
0000000000111011100000000000
0000000000011110110000000000
0000000000000000110000000000
0000000000000000110000000000
0000000000000000110000000000
0000000000000000110000000000
0000000000000000110000000000
0000000000000000110000000000
0000000000000000010000000000
0000000000111100010000000000
0000000001111111010000000000
0000000000000011110000000000
0000000000000000000000000000
0000000000000000000000000000
