0000000000000000000000000000
0000000000000000000000000000
0000000000000000010000000000
0000000000000000010000000000
0000000000000000111000000000
0000000000000000111000000000
0000000000000001111000000000
0000000000000001111000000000
0000000000000011111000000000
0000000000000110101000000000
0000000000001100101000000000
0000000000011000100000000000
0000000000110000100000000000
0000000011100000100000000000
0000000111000000100000000000
0000001110000000100000000000
0000111000000000100000000000
0000110011111001100000000000
0000111111111111111000000000
0000000000000001011000000000
0000000000000001000000000000
0000000000000011000000000000
0000111100000011000000000000
0000111111111111111111000000
0000000001111110000011110000
0000000000001110000000000000
0000000000000000000000000000
0000000000000000000000000000
