0000000000000000000000000000
0000000000000000000000000000
0000011111111111111111000000
0000010011000011111111000000
0000011000000000000011000000
0000011000000000000110000000
0000001100000000001100000000
0000000100000000011000000000
0000000110000000110000000000
0000000011000001100000000000
0000000011000001000000000000
0000000001000011000000000000
0000000000100010000000000000
0000000000111110000000000000
0000000000111111111000000000
0000000000011100111100000000
0000000000011000000000000000
0000000000011010000000000000
0000000000110000000000000000
0000000000100000000000000000
0000000001100000000000000000
0000000011000000000000000000
0000000011000000000000000000
0000000110000000000000000000
0000000110000000000000000000
0000000110000000000000000000
0000000000000000000000000000
0000000000000000000000000000
