0000000000000000000000000000
0000000000000000000000000000
0000000000000000111000000000
0000000000000011011000000000
0000000000000110000000000000
0000000000001100000000000000
0000000000011100000000000000
0000000000011000000000000000
0000000000110000000000000000
0000000001100000000000000000
0000000001100000000000000000
0000000011000000000000000000
0000000011001111110000000000
0000000010111111111100000000
0000000011110000001100000000
0000000111000000000110000000
0000000110000000000110000000
0000000110000000000110000000
0000000110000000000100000000
0000000110000000001100000000
0000000010000000001100000000
0000000011000000011000000000
0000000011000000110000000000
0000000001100001100000000000
0000000000110111000000000000
0000000000011110000000000000
0000000000000000000000000000
0000000000000000000000000000
