0000000000000000000000000000
0000000000000000000000000000
0000000000111111110000000000
0000000001111001111000000000
0000000111100000001100000000
0000001101000000000100000000
0000011000000000000110000000
0000110000000000000110000000
0000110000000000000010000000
0000100000000000000010000000
0000110000000000000010000000
0000010000000000000110000000
0000011000000000000110000000
0000001000000000000110000000
0000000000000000001100000000
0000000000000000001100000000
0000000000000000011000000000
0000000000000000111000000000
0000000000000000110000000000
0000000000000001100000000000
0000000000000111000000000000
0000000000001100000000000000
0000000000111000000000000000
0000000011110000000000000000
0000000111111111111111110000
0000001100000000000111111000
0000000000000000000000000000
0000000000000000000000000000
