0000000000000000000000000000
0000000000000000000000000000
0000000000000000110000000000
0000000000000001110000000000
0000000000000011011000000000
0000000000000110010100000000
0000000000001100000100000000
0000000000011100000100000000
0000000001111000000100000000
0000000011100000001100000000
0000000110000000001100000000
0000011100000000001100000000
0000111000000000001100000000
0001100000000000001100000000
0001111110000000001000000000
0000111111111111111110000000
0000000000000011111111000000
0000000000000000001000000000
0000000000000000011000000000
0000000000000000011000000000
0000000000000000011000000000
0000000000000000010000000000
0000000000000000110000000000
0000111111111111111111100000
0000000001111111111111111100
0000000000000111100000000000
0000000000000000000000000000
0000000000000000000000000000
