0000000000000000000000000000
0000000000000000000000000000
0010011111111111111111000000
0011111111111100000001000000
0000000000000000000011000000
0000000000000000000011000000
0000000000000000000110000000
0000000000000000001100000000
0000000000000000011000000000
0000000000111000111000000000
0000000001111111110000000000
0000000000110001111111111100
0000000000110011000000001100
0000000000000010000000001100
0000000000000110000000001100
0000000000001100000000001000
0000000000011000000000000000
0000000000011000000000000000
0000000000110000000000000000
0000000001100000000000000000
0000000001100000000000000000
0000000011000000000000000000
0000000011000000000000000000
0000000110000000000000000000
0000000110000000000000000000
0000000110000000000000000000
0000000000000000000000000000
0000000000000000000000000000
