0000000000000000000000000000
0000000000000000000000000000
0000000000001111100000000000
0000000000001111111110000000
0000000000001111010111000000
0000000000001101000001000000
0000000000001111000001000000
0000000000001111100000000000
0000000000001111000000000000
0000000000011101100000000000
0000000000011101100000000000
0000000000011000110000000000
0000000000111000011000000000
0000000000111000011000000000
0000000000111000000000000000
0000000000111100000000000000
0000000000111011000000000000
0000000000110001110000000000
0000000000000000011100000000
0000000000000000001100000000
0000000000000000001100000000
0000000000000000011100000000
0000000000000000110000000000
0000000000000001100000000000
0000001100000111000000000000
0000001111111100000000000000
0000000000000000000000000000
0000000000000000000000000000
