0000000000000000000000000000
0000000000000000000000000000
0000000000000011011110000000
0000000000000110110010000000
0000000000001100110010000000
0000000000011011100110000000
0000000000111110000110000000
0000000000111110000100000000
0000000001110000001100000000
0000000101100000001100000000
0000000111000000001000000000
0000000011000000011000000000
0000000011000000011000000000
0000000011000000011000000000
0000000011000000011000000000
0000000011000000110000000000
0000000001000000110000000000
0000000000000000100000000000
0000000000000001100000000000
0000000000000001100000000000
0000000000000011000000000000
0000000000000111111111111100
0011111111111111100000001100
0001111111000110000000000000
0000000011110110000000000000
0000000000111100000000000000
0000000000000000000000000000
0000000000000000000000000000
