0000000000000000000000000000
0000000000000000000000000000
0000000000000000001100000000
0000000000000001111100000000
0000000000000111111000000000
0000000000001110011000000000
0000000000111000001000000000
0000000111100000001000000000
0000011111100000011000000000
0000111100000000011000000000
0000110000000000011000000000
0000010000000000011000000000
0000011000000000011000000000
0000001000000000010000000000
0000001100000000010000000000
0000000100000000010000000000
0000000000000000010000000000
0000000000000000110000000000
0000000000000000110000000000
0000000000000000110000000000
0000000000000000100000000000
0000000000000000100000000000
0000000000000000101111110000
0000111000000011111111110000
0000111111111111100000000000
0000011111111111100000000000
0000000000000000000000000000
0000000000000000000000000000
