0000000000000000000000000000
0000000000000000000000000000
0000000001111111000000000000
0000000011110001100000000000
0000000010000000100000000000
0000000010111000110000000000
0000000001110000110000000000
0000000001100000100000000000
0000000011000000100000000000
0000000011000001100000000000
0000000011000011000000000000
0000000011000111000000000000
0000000001100110000000000000
0000000000111100000000000000
0000000000011100000000000000
0000000000111110000000000000
0000000001100011100000000000
0000000001000001110000000000
0000000011000000011000000000
0000000010000000001000000000
0000000010000000001100000000
0000000010000000001100000000
0000000011000000001100000000
0000000011000000011000000000
0000000001110001110000000000
0000000000111111100000000000
0000000000000000000000000000
0000000000000000000000000000
