0000000000000000000000000000
0000000000000000000000000000
0000000000011111111110000000
0000000000111000000111100000
0000000000110000000011100000
0000000000110000000000100000
0000000000100000000000100000
0000000001100000000000100000
0000000001100000000000100000
0000000001100000000000100000
0000000001100000000000000000
0000000001100000000000000000
0000000001010000000000000000
0000000001111111100000000000
0000000000100001110000000000
0000000000000000011100000000
0000000000000000001100000000
0000000000000000000110000000
0000000000000000000111000000
0000000000000000000011000000
0000000000000000000011000000
0000000000000000000011000000
0000000000000000000110000000
0000000000000000001110000000
0000001111100000111000000000
0000001001111111110000000000
0000000000000000000000000000
0000000000000000000000000000
