0000000000000000000000000000
0000000000000000000000000000
0000000000000011111000000000
0000000000000111001100000000
0000000000000110000100000000
0000000000001100000110000000
0000000000001110000110000000
0000000000001111000110000000
0000000000001101000110000000
0000000000000110000110000000
0000000000000110001100000000
0000000000000110000000000000
0000000000000011100000000000
0000000000000011100000000000
0000000000000011100000000000
0000000000000111100000000000
0000000000011101100000000000
0000000000111001100000000000
0000000001110001100000000000
0000000011100001100000000000
0000000110000001100000000000
0000000110000001000000000000
0000000100000111000000000000
0000000100000110000000000000
0000000110011100000000000000
0000000011111000000000000000
0000000000000000000000000000
0000000000000000000000000000
