0000000000000000000000000000
0000000000000000000000000000
0000111111100000000000000000
0000111101111111000000010000
0000110000001111101111110000
0000011000000000111111100000
0000011000000000111111100000
0000001100000000011110100000
0000000000000000001000000000
0000000000000000011000000000
0000000000000000110000000000
0000000000011111110111111000
0000000000001111111111110000
0000000000001101100000000000
0000000000001111000000000000
0000000000000111000000000000
0000000000000110000000000000
0000000000000111000000000000
0000000000000111000000000000
0000000000001101000000000000
0000000000011000000000000000
0000000000011000000000000000
0000000000110000000000000000
0000000000100000000000000000
0000000001100000000000000000
0000000011000000000000000000
0000000000000000000000000000
0000000000000000000000000000
