0000000000000000000000000000
0000000000000000000000000000
0000000000000111111100000000
0000000000011110000110000000
0000000000111000000011000000
0000000011110000000011000000
0000000111100000000001100000
0000000111000000000001100000
0000000111000000000001100000
0000000110000000000001100000
0000000100000000000001100000
0000001100000000000001100000
0000001100000000000001000000
0000001100000000000011000000
0000001100000000000011000000
0000001000000000000011000000
0000001000000000000010000000
0000001000000000000110000000
0000001000000000000100000000
0000001000000000001100000000
0000001000000000011000000000
0000001100000000110000000000
0000001100000001100000000000
0000000110000011000000000000
0000000011001110000000000000
0000000011111000000000000000
0000000000000000000000000000
0000000000000000000000000000
