0000000000000000000000000000
0000000000000000000000000000
0000000011110000000000000000
0000000011110011111111100000
0000000011000000111111000000
0000000011000000000111000000
0000000110000000000110000000
0000000000000000000010000000
0000000100000000000010000000
0000000100000000000000000000
0000000100000000000000000000
0000000100000000000000000000
0000000100000000000000000000
0000000111001000000000000000
0000001111111111000000000000
0000000000110001110000000000
0000000000000000011000000000
0000000000000000001100000000
0000000000000000001100000000
0000000000000000000100000000
0000000000000000001100000000
0000000000000000011000000000
0000000000000000111000000000
0000000000000001110000000000
0000001000001111000000000000
0000001111111100000000000000
0000000000000000000000000000
0000000000000000000000000000
