0000000000000000000000000000
0000000000000000000000000000
0000000010111100000000000000
0000000011101110000000000000
0000000010000011000000000000
0000000000000001100000000000
0000000000000000110000000000
0000000000000000010000000000
0000000000000000011000000000
0000000000000000011000000000
0000000000000000011000000000
0000000000000000011000000000
0000000000000000011000000000
0000000000000001110000000000
0000000000011111100000000000
0000000000001111000000000000
0000000000000011100000000000
0000000000000000110000000000
0000000000000000011000000000
0000000000000000001100000000
0000000000000000000100000000
0000000000000000000100000000
0000000000000000001100000000
0000000000000000011000000000
0000000010000001110000000000
0000000011111111000000000000
0000000000000000000000000000
0000000000000000000000000000
