0000000000000000000000000000
0000000000000000000000000000
0000000000000111100000000000
0000000000001101100000000000
0000000000011000110000000000
0000000000110000010000000000
0000000000100000011000000000
0000000001100000001000000000
0000000001000000001100000000
0000000011000000000100000000
0000000010000000000110000000
0000000010000000000110000000
0000000011000000000010000000
0000000011000000000010000000
0000000011000000000010000000
0000000011100000000010000000
0000000011000000000010000000
0000000011000000001110000000
0000000011000000000100000000
0000000011000000001100000000
0000000010000000001100000000
0000000010000000011000000000
0000000010000000110000000000
0000000010000001100000000000
0000000011000011000000000000
0000000001111110000000000000
0000000000000000000000000000
0000000000000000000000000000
