0000000000000000000000000000
0000000000000000000000000000
0000000000000011111000000000
0000000000000110001000000000
0000000000001111001000000000
0000000000111101101000000000
0000000000111001111000000000
0000000001100000111000000000
0000000011000000010000000000
0000000011000000110000000000
0000000011000000100000000000
0000000011000000000000000000
0000000011000010000000000000
0000000001100110000000000000
0000000000111100000000000000
0000000000111100000000000000
0000000000111100000000000000
0000000001100111000000000000
0000000011000011100000000000
0000000011000000111000000000
0000000010000000011100000000
0000000010000000001100000000
0000000010000000000100000000
0000000011000000001100000000
0000000001110000111000000000
0000000000111111110000000000
0000000000000000000000000000
0000000000000000000000000000
